0.0015817980504081453
0.009642184225844286
0.018297680570404817
0.0263533714519103
0.0366824022534924
0.0542811827246793
0.07720721367719063
0.10837950749846237
0.1484826316815019
0.21010424114298032
0.29384539454476566
0.35326330100297165
0.395277965606753
0.42088633425160804
0.4385733460321103
0.4515851230566601
0.4587694183267975
0.4643222179242483
0.4678352169390998
0.47085499984290446
0.47298588215498305
0.4742619881779143
0.4750791543630539
0.4758133586590617
0.4764605465181613
0.4766022049369164
0.4769852660120978
0.47714279478311283
0.47734567150702156
0.4773938134169634
0.47752602022827606
0.47769265724835586
0.47765796039980013
0.4777117277439563
0.4776452491278125
0.4777110885226844
0.47778462565926694
0.4778227329924918
0.4778193285798832
0.47780770544522233
0.47787015633381047
0.4778432510814049
0.47786790912949395
0.4778192371593559
0.4778853145303531
0.4778338479878571
0.47786296887750734
0.4778728228473068
0.47788363756847707
0.47784693019894164
0.4778452031929389
0.4778561846308056
0.47789516946570476
0.47789516946570476
0.47789516946570476
0.47789516946570476
0.4778797848503201
0.47789516946570476
0.47789516946570476
0.47789516946570476
0.47789516946570476
0.4778769833489863
0.47787645584031413
0.47789516946570476
0.47787534157182365
0.47789516946570476
0.47785342539858033
0.47789516946570476
0.4778729866795468
0.4778722683527107
0.47789516946570476
0.47789516946570476
0.47782091939145466
0.47789516946570476
0.47786876194484285
0.47789516946570476
0.47789516946570476
0.47789516946570476
0.47789516946570476
0.47789516946570476
0.47789516946570476
0.47789516946570476
0.47789516946570476
0.4778624875910724
0.47789516946570476
0.47789516946570476
0.47789516946570476
0.4777887260935787
0.47789516946570476
0.47789516946570476
0.47789516946570476
0.47789516946570476
0.47789516946570476
0.47789516946570476
0.47789516946570476
0.47789516946570476
0.47789516946570476
0.47789516946570476
0.47789516946570476
0.47789516946570476
