0.9793431688743665
0.918470256789368
0.8350548324091732
0.7462289580103967
0.6619472330466872
0.5758693839412922
0.4941780494978377
0.409969930667779
0.3236998448835374
0.22172874944234305
0.10118342833326982
0.009955827642233572
0.06126778337128996
0.11270763596836608
0.1534712617206777
0.18821070234996679
0.21380064205164012
0.2367331309937564
0.25547370434457284
0.27317832778281004
0.2888699253234294
0.30163906812763897
0.31341620171823126
0.3240828923708675
0.3339290875408508
0.3424523463172914
0.3506468066334593
0.35815540278942826
0.36533955545151114
0.37086539212124875
0.3769386774722972
0.382247297622359
0.3875961945464542
0.3917537822380923
0.39623467024397224
0.4003412568922398
0.40416255658710776
0.40760203311512827
0.41075075744487777
0.41383632842224183
0.41686372338686767
0.41906014470100195
0.42189053812795935
0.4242289793073915
0.42627117740842924
0.42806459886795567
0.4304737117513922
0.4323487998825967
0.43377519864281533
0.43566934179869404
0.4371254171124586
0.4387137345564658
0.43995873798877194
0.44141043646072453
0.4426342579475913
0.443738545748085
0.4448172758535028
0.44603155791051047
0.4471582264863251
0.4481485757942759
0.44919131646263705
0.4499076266996325
0.4506955128670383
0.45155960941477835
0.4522218865142008
0.45297824537773407
0.45348330434401857
0.45448742174994267
0.4549428650552926
0.45566138346263335
0.45630789436070585
0.4568246868090253
0.457269263799033
0.4578521678578495
0.45860705285728165
0.4590510652994726
0.45948138657041576
0.45999054920896676
0.4603018454475214
0.46084305328710007
0.46114366779197885
0.4615394005919715
0.4619534449354086
0.4622986929713091
0.4625668816407957
0.4629249740459304
0.4635180645919349
0.4634528221925587
0.4640638503173746
0.4642495090217414
0.4646131966207064
0.46479376878522743
0.4652373150597694
0.4654051708746763
0.46560608919858004
0.4657795402073172
0.46615441819394265
0.46635635382581553
0.46645910193069795
0.46673479239033294
