4.8869
5.1851
4.5139
4.3783
4.2128
4.3264
4.1578
3.4239
4.111
3.6133
3.4697
3.2972
3.1196
3.0568
2.8673
2.9242
2.8933
2.8364
2.8464
2.6908
2.632
2.9461
2.6589
2.593
2.4604
2.7028
2.3567
2.3687
2.4035
2.4155
2.4653
2.5382
2.4135
2.4794
2.3348
2.3836
2.3487
2.3437
2.4474
2.5302
2.3338
2.3677
2.251
2.4305
2.4116
2.241
2.3377
2.3387
2.3677
2.2899
2.3647
2.3267
2.2859
2.4804
2.1493
2.1961
2.4264
2.3168
2.2759
2.3387
2.1562
2.4145
2.3157
2.2679
2.1702
2.1492
2.1642
2.1921
2.2879
2.1921
2.3517
2.3607
2.1792
2.2919
2.1882
2.3048
2.3247
2.2978
2.3637
2.3257
2.3128
2.1512
2.1183
2.1083
2.1402
2.1094
2.3826
2.1373
2.2091
2.1682
2.2679
2.1941
2.2839
2.1373
2.1173
2.1692
2.2161
2.3028
2.1063
2.1223
