0.9809249669247746
0.9281124410152123
0.853352512979578
0.772582329462307
0.6986296353001796
0.6301505666659715
0.5713852631750284
0.5183494381662413
0.4721824765650393
0.4318329905853234
0.3950288228780355
0.3632191286452052
0.334010182235463
0.30817869828324196
0.2851020843114326
0.2633744207066933
0.2449687762751574
0.22758908693049193
0.21236151259452699
0.19767667206009443
0.18411595683155363
0.17262292005027535
0.1616629526448227
0.1517304662881942
0.14253145897731048
0.134149858619625
0.12633845937863847
0.11898739199368455
0.11200611605551043
0.10652842129571465
0.10058734275597885
0.0954453596259969
0.0900617658533459
0.08595794550586401
0.08141057888384022
0.07736983163044457
0.07362206907215918
0.07022069987736353
0.06706857113500542
0.06397137702298047
0.06100643294694281
0.05878310638040299
0.05597737100153461
0.0535902578519644
0.05161413712192385
0.049769249119901444
0.04738925712611516
0.045524022964710094
0.04410843892566175
0.042177588400247615
0.04071978608048025
0.03914245007433978
0.0379364314769328
0.03648473300498023
0.035260911518113426
0.034156623717619725
0.033062508996817355
0.0318636115551943
0.030736942979379678
0.029746593671428855
0.028703853003067693
0.02796935664935378
0.027180942973275828
0.026335560050926438
0.025653455057622867
0.02491692408797069
0.024370121054561787
0.02340774771576212
0.02293012162425425
0.02221088489007733
0.021587275104998898
0.021070482656679414
0.020551655592421666
0.020043001607855247
0.019261709087561224
0.01884410416623219
0.018413782895289
0.017904620256738012
0.01759332401818336
0.017052116178604693
0.016751501673725935
0.016355768873733263
0.015941724530296193
0.015563794619763344
0.01532828782490909
0.01497019541977433
0.014377104873769884
0.014335903901020004
0.013831319148330114
0.01364566044396337
0.01328197284499838
0.0131014006804773
0.012657854405935382
0.012489998591028463
0.012289080267124726
0.012115629258387576
0.011740751271762126
0.011538815639889255
0.011436067535006839
0.011160377075371838
